-1.5552808046340942
-0.9562301635742188
-0.6507338881492615
2.0893642902374268
0.30377721786499023
3.7779927253723145
23.218740463256836
17.861188888549805
-0.6938582062721252
-9.8613862991333
-2.1091482639312744
-1.3526991605758667
-4.1797709465026855
1.0005663633346558
-0.8060638040680435
-0.5204558321946743
2.315528154373169
-2.2078123092651367
4.9109978675842285
8.876083374023438
-12.156431198120117
-7.17992639541626
-6.190491676330566
13.547000885009766
-0.0034796595573425293
-5.345836639404297
3.9128708839416504
1.1024432182312012
-0.050822265446186066
-0.3427084982395172
-0.9575628772615734
-0.3213675203599706
0.05096657574176788
0.009743072092533112
-1.6249208450317383
20.284053802490234
-1.680995225906372
6.963842868804932
17.002235412597656
-12.532057762145996
4.921517372131348
-8.132323265075684
-0.6010973453521729
0.340602844953537
4.233226299285889
-0.5663594603538513
-0.629071118921557
0.6325242366798725
0.2858462631702423
-0.24354234337806702
-0.3461483120918274
-1.130690574645996
43.59330749511719
2.2875449657440186
8.418350219726562
8.225007057189941
-2.6812679767608643
8.781517028808594
3.6728153228759766
4.437633991241455
2.057793140411377
1.8689970970153809
0.46189666522846773
0.5230853677296092
-0.19176462292671204
2.2431800365448
-3.654834270477295
-1.2989639043807983
3.753675937652588
6.853799819946289
4.4642181396484375
3.3405697345733643
5.368563652038574
-7.152202129364014
3.209049940109253
-3.0293829441070557
-3.3796918392181396
2.522077798843384
-0.23279974854891528
-0.41834826746714154
-0.15462467074394226
-0.8174449801445007
0.6857144832611084
-18.21743392944336
2.434108257293701
-5.0176215171813965
-12.93603515625
7.398025035858154
-0.22333182394504547
11.600229263305664
7.61517858505249
-0.18857507407665253
1.88626229763031
-0.6668515205383301
-0.3852459445246472
0.3722473061410504
-0.4819508492946625
0.2703237235546112
-0.4002477526664734
-1.250124454498291
12.271919250488281
-4.249505519866943
5.238705158233643
11.306291580200195
-3.451634407043457
4.282751560211182
-3.584933280944824
3.1062052249908447
-0.7170184254646301
-0.6673242449760437
0.13248187543594003
-0.14174773014743638
-0.023399628698825836
0.016671672463417053
-0.4751201868057251
-1.3456330299377441
37.03535079956055
-5.338247299194336
3.03070068359375
-4.94228982925415
-14.055533409118652
-9.29660701751709
3.5397987365722656
-5.1184844970703125
1.5182011127471924
-1.7637066841125488
0.37974224495642916
-0.7513431739345107
-1.170061469078064
-1.8166918754577637
-1.6538605690002441
3.4077422618865967
-1.0405933856964111
18.183326721191406
-4.452917575836182
-5.411217212677002
-2.8918023109436035
7.283360958099365
-13.525628089904785
0.7016273140907288
-0.9537258148193359
2.839937448501587
-0.7708621294554241
0.418358398052365
0.6391834616661072
0.15991875529289246
-0.39072877168655396
1.1956677436828613
2.7599499225616455
15.847519874572754
5.646036624908447
11.952226638793945
-14.173722267150879
-3.68530011177063
-0.2161361426115036
-2.5729763507843018
-1.5332515239715576
1.204404592514038
0.42408989568615607
0.027862899996813767
1.1614556312561035
-1.5123236179351807
-0.23295103013515472
2.148329973220825
-4.722924709320068
1.9305390119552612
-15.829715728759766
-16.393924713134766
-4.809842109680176
6.608850002288818
-4.877837657928467
-4.199622631072998
1.9095823764801025
0.32481908798217773
0.7480222079853129
0.2833563310177473
-0.6576768755912781
0.7240635752677917
-1.3538516759872437
2.383037567138672
0.4633316993713379
6.626267910003662
13.78521728515625
-15.355637550354004
-22.763973236083984
-6.227049350738525
-3.1638853549957275
2.2690165042877197
-0.10891176760196686
0.7717170119285583
0.30851503721190054
-0.05249156687330199
-0.03851137310266495
0.33423832058906555
0.04630409553647041
-0.21730613708496094
0.501166582107544
0.5305565595626831
0.32288309931755066
0.4011208117008209
0.041368477046489716
2.6735141277313232
-2.8206355571746826
3.3142828941345215
-0.15406720340251923
0.9447470307350159
-0.11845265461776977
-7.5317857418446374
-0.33948883414268494
0.7114933133125305
-2.064908504486084
1.761972427368164
7.860671043395996
-0.9532695412635803
-1.639448881149292
5.20352029800415
-5.59098482131958
-6.669964790344238
-9.576107025146484
3.0826878547668457
-2.5777361392974854
1.2564460039138794
0.7371814815298041
-0.14546761474639436
-0.13828319311141968
-0.2670914828777313
-0.179219052195549
-0.9128278493881226
33.018707275390625
1.1981710195541382
1.1961265802383423
-8.411267280578613
-8.773470878601074
18.305301666259766
-4.21286153793335
-2.3620386123657227
0.6382067203521729
-1.4929248094558716
0.9426630019356239
-0.3529062504946387
-0.0031703393906354904
-1.4374586343765259
1.39596688747406
1.0972461700439453
1.9650816917419434
-3.1336514949798584
3.474760055541992
-1.634300708770752
20.176376342773438
9.147504806518555
7.580449104309082
-2.5970988273620605
0.687868058681488
0.40373775362968445
0.774676965226683
-0.14875003675027085
0.1460195630788803
-2.2465689182281494
-2.2070705890655518
-6.212283611297607
17.25882911682129
-0.07194101065397263
8.33639907836914
-6.145755767822266
-25.236385345458984
-5.082860469818115
4.031375408172607
-2.8976919651031494
-0.7330451607704163
1.7003048658370972
0.31865732862600993
-0.6289601272686732
-0.07282653450965881
0.21720677614212036
0.8073424696922302
3.5955750942230225
-8.880766868591309
-2.8313252925872803
-5.123594284057617
-0.7864173650741577
-9.158227920532227
-3.199200391769409
-6.075816631317139
0.43737244606018066
-2.357574462890625
2.2180914878845215
-0.32950021384856965
-0.0046460531458303
0.09661413729190826
-0.7390799522399902
-1.714661955833435
1.7088689804077148
-5.151257514953613
-2.2603626251220703
-5.874403953552246
0.1893531233072281
4.796080589294434
2.301696538925171
5.164775848388672
-2.464597463607788
-5.141524314880371
-0.7126381993293762
-0.4759255377302849
-0.07206651467594782
-0.7509336471557617
-2.756855010986328
-1.0185205936431885
5.221818923950195
-5.01453971862793
3.9998490810394287
-14.35892105102539
-18.399253845214844
-13.36144733428955
2.682121753692627
-9.576128005981445
-0.7474700212478638
-2.0304691791534424
0.2867928743362427
0.642963587376574
-0.5952049587893571
-1.2247902154922485
7.966420650482178
-0.05880040302872658
-14.872932434082031
-0.16486582159996033
0.10166779160499573
4.663954734802246
-7.503427028656006
4.298973083496094
6.674820899963379
-5.204153060913086
1.9903967380523682
-3.223515510559082
-0.06887883692979813
0.4670373363285516
-0.33104543577772216
1.529305100440979
-0.9700512290000916
-0.8515458703041077
-1.9096179008483887
-1.6854830980300903
3.1974568367004395
-5.754862308502197
-6.377735614776611
2.227107048034668
12.568758010864258
-1.6746466159820557
2.7550339698791504
-5.22512674331665
1.62187659740448
0.6345558019223574
-0.016565018424709935
-0.2857483923435211
0.1972438097000122
-0.22925883531570435
-0.6200322508811951
0.7531903982162476
-10.139174461364746
-12.742047309875488
11.902338981628418
-6.780374050140381
-14.204667091369629
-5.4337158203125
1.9630672931671143
3.769929885864258
-1.9178252220153809
0.4442548296742861
-0.00733192111937213
-0.2330627292394638
0.5625869631767273
0.33996132016181946
-1.8421086072921753
-1.804578423500061
-7.810410976409912
-2.6618142127990723
2.489715099334717
-0.17317591607570648
2.6361641883850098
-4.696172714233398
1.3325350284576416
3.4061455726623535
0.1081804409623146
0.9054426498062305
0.17034963083629792
-0.4512812985996131
-0.7067340675444816
2.0032119968034463
4.85761600693078
2.485705285080975
1.2237992157193416
-2.31933156039223
-1.712963440456749
0.2908496222256853
-0.19472810167953924
0.9490007609818416
-2.4548602368380643
-9.109510957357726
-0.8920848768669329
-1.2045815954593126
-1.0687904187579889
-2.3738694805635845
0.15260046334656735
1.042547155841495
-0.23793934878657275
-1.9295401079591115
1.5091312057680186
0.27790138365555517
-0.09821983192056254
9.855450032743509
-0.8817073186796511
-1.8426997490896093
4.440586823097774
6.916717384140459
1.4950136070480613
3.6059369045718004
-0.9277441311001146
-4.154783624680692
0.5198896089520038
-1.1418002915621543
1.585924442603877
-2.6904220179697282
-7.2172631147471655
-0.5554333816079715
-2.8459362706867326
-1.8576410414915572
-3.2089411465956146
0.05982597458429047
0.8565778768730776
-0.27234311901366215
-1.6511822902584645
0.8197750330531374
1.112290454612558
-1.0547745803572146
8.449127218282364
-0.387410979875213
-1.2735147194951493
5.712752843232142
9.736791932287181
1.4088509537304088
3.5168771561498215
-2.0688947584513286
-4.820800931611242
0.3813886988334762
-2.106252421001569
1.4840617264215326
-3.240519846818809
-6.138184659075875
-2.192000500965178
-2.8946905658353317
-3.754048906111635
-3.0698445650214974
0.6162863212758262
0.2574367424002362
-1.3019262986448363
-1.0219990649381026
0.6518972892244091
0.495913364946283
-0.04434377382924831
4.2299311663668835
-2.495944483676092
-0.9214770937579353
4.184521048782404
10.086094469884136
1.4724292991241497
3.4249146833174104
-0.19539202370844988
-4.661257572338007
1.3747191764380862
-1.5468490670929462
1.3792213606297454
-2.9151416945122417
-4.393536491863289
0.45229276540303065
-3.975100503305202
-0.8320339628345766
-3.115029725603546
-1.3329726912683675
1.310079880606705
-0.98625927837232
-1.5688383318516932
-0.14774980125220527
1.1993650586534113
-0.8937688619801237
5.529897316221799
-2.364912745938292
-2.43978372462328
5.0418204474989565
7.712530410275061
1.7976555384151638
3.918542030846649
-1.9770771883975842
-3.8183792931327956
0.6687993245680062
-1.432849637238087
1.9828136658559337
-1.6590232255429793
-5.797331572385234
-1.098267475975101
-3.064819734098943
-2.046405660283139
-2.9274988422931667
-0.38976689975036183
1.0645364762623992
-0.5409628310675109
-3.0702961949157332
-0.08698177557397475
1.6937547987788808
0.3302717523644597
6.701120145672229
-1.6673077943031425
-0.8146988358986493
4.692591731632718
7.006700608318825
1.7247415630917398
3.065265980194463
-1.017257614023536
-3.063469194027041
1.1926996734141344
-1.1160047672127746
2.250685776993939
-2.2970939382219613
-7.956997067983772
-0.6137997670617197
-3.527374528534044
-1.9431476139795054
-2.907790914547183
-0.5194068314390563
-0.02333294420027779
-0.6227782645576503
-1.4699430062872816
0.671602213445114
0.5285343213841542
-0.79209561282365
7.828215322670913
-3.7711425482907517
-4.041244340752599
4.1893770576400335
9.777590072021797
0.5396379475446726
3.518329352934287
-0.4137247760856351
-4.683095490802119
0.4277538260918842
0.0561585950595755
4.209192702519852
-1.1795316279347514
-4.233289975865187
-0.13549276446373126
-4.6096852624127145
-0.9341241704538861
-4.219397658104188
0.5472195934518137
1.8540257463381762
-1.7013142599573128
-2.8586837361177104
-0.9583685386552245
0.42132493912441593
1.151649437223107
3.1507808620661715
-2.9148171928873574
-2.709925086542122
5.2126714022024085
9.26994665872992
0.5090133134094927
2.516719795324984
0.5748908360304192
-7.254516644540059
-0.8666296140493934
-1.7089844068282252
3.0244249599230195
-3.060008980843325
-4.586002564601985
-0.15376470025815087
-4.141459156717594
-3.294132138754726
-3.6719258601270095
-0.6125081001755498
0.8223030724165595
-0.04229266493370945
-2.2445532124716276
-1.1506283323496769
-1.5375045271241077
-0.9579486548113589
4.554304823607092
-1.064730497878653
-0.8622435243565435
3.8508014893023987
6.356208915560805
1.7239678040014632
3.5029476491514973
-1.7119018768269212
-4.074235625031264
1.1014011924011196
-0.1314553304598336
1.1342118063997253
-2.045375152012297
-7.692441598303354
-1.0425814331434131
-1.879543817156087
-0.9136108731525859
-3.5245746693743056
-0.8130652310695689
0.49813869382311965
-0.3791630851276222
-1.6908105872543027
0.8018057282783637
1.0316975857439978
-0.16559951603473472
7.64434502088968
-0.9703665336895165
-0.4458040197397275
3.863269260531141
6.876733135937243
1.162475683984651
2.550751009800804
-0.8251184952017164
-3.3280080787733124
0.7599573296687558
-1.0803370462019595
1.6343618297535618
-2.5578632056782125
-8.746463363749106
-0.7971243924322217
-2.5475533576775837
-2.4748559111105783
-2.644165257776147
-0.5704087672201679
0.8841121710263035
-0.1140138408128051
-0.8118353986889723
0.3791626687546364
0.4626054306266394
-0.6738195418537567
7.250822801277421
-2.871603454511854
-3.3702774804970295
6.556622236144389
8.190608699032428
-0.8768301882954508
5.506884783550256
-0.8164242533436423
-4.181577788749556
2.016341178149337
-1.3208532332898602
3.451542990325896
-3.7483732753844516
-2.7715427115347997
-0.14991384976467415
-3.160688637815698
-3.9497227066836964
-4.360354016905097
-0.008935025950786515
-0.4770143093241355
-2.5843333184065247
-3.1037199504956745
-0.351640141862035
-0.050602826247595295
-1.5910998779923926
3.1167710255952312
-1.5946656247962938
-1.2529264830259712
4.571302102398318
8.514326076671574
0.13055628425251772
2.697528825431404
-0.5688024007844674
-3.6229990690757825
1.6106612295101919
-2.0793556253794674
1.5944357607778328
-2.3940529095194885
-7.18952456976263
0.29100938236986296
-3.225846696179239
-2.617046727243686
-3.350592097026059
-0.48187586958896383
1.993052087667093
-2.2938038079419925
-2.448046575557939
-0.06349949482807797
2.0322833351281253
-1.0630761649749287
4.970308113430601
-1.2669242505469571
-2.3338325008710155
4.085783195064538
6.862452085461983
1.3420754579768555
2.819077653372314
-0.9661938115951736
-3.424430564740215
1.0300342975343875
-0.9603422906331702
2.675396769008065
-2.509100908560996
-7.310784407282737
-1.08699633472389
-2.3673732915164694
-1.6612428202542127
-2.7760490152393653
0.09163196419658609
1.5488207728159231
-1.645018446828782
-2.1140993125355934
0.14598847975627832
1.1123504287564148
-0.4003767211110502
7.366837768154196
-2.7825889282804686
-2.380253498514643
4.253070846231345
8.672233228901884
1.5416529362363
3.709559383255553
-0.8211465102678696
-4.421547376311336
0.8899216812602974
-1.075463405001362
1.7172024866015925
-1.7950669049366508
-6.442396854696325
-1.7956784699609054
-2.6385466455349853
-0.7165196190343116
-3.1999584271492902
0.0526578048130514
2.4664771246690993
-1.3630426118144896
-2.325230900030229
-0.45208685444680413
0.2884325549784219
-0.5119984002585848
6.15231295062777
-1.3259004302738648
-1.3067353538725799
4.006229924525425
5.83503026425965
2.2920860768543907
2.9875194364044764
-0.336409370701291
-3.2181044812785204
0.25995774437812236
-0.4515822798332277
1.5852050151271206
-2.4148482451794697
-8.161330035630819
-1.0383202052542397
-2.4483151737539677
-1.2750588846144357
-2.4205212347266145
0.6392848815999566
0.3120573509268115
0.457896571638097
-1.7535628670131038
0.8074936242520006
0.6929733612053216
-0.46937178382428413
9.167795815639543
-1.2445654097678722
-1.008920454448817
3.1789272836792852
7.3419553723008315
1.593468177293144
2.543446826480914
-0.4667163150824246
-3.9818412799528935
0.8909097603815209
-1.3284133939755005
1.6111338208115102
-1.9958433218756895
-7.654316656143169
-0.5009119733824188
-2.8875597255002243
-2.1853714621492695
-2.629115352152941
0.11648841471832554
0.42538003612560504
-0.9663276720040954
-1.8923308455772376
0.6004903218854083
-0.00974148222347701
-1.0660448421646815
8.134441702655334
-2.491796599605591
-2.964824484596125
5.153249195048833
8.679866386441441
-0.5297809301851883
4.845103312681613
-1.49540942393156
-4.476593776768617
3.0673144398513603
-2.174092679388251
3.5235952106938724
-2.087819252773253
-3.5052687453528875
-0.17042892764486087
-5.191019495920987
-2.3266911970283624
-3.7340497301168027
-1.1037340401981235
3.214678246502341
-3.3970062592394856
-2.572216296838819
-0.47132713405729076
1.7044052601544621
0.220833313792551
2.3449735079965572
-3.854596406210499
-3.7007019034446023
6.6107159652012255
11.356182429271493
1.8746968106769328
4.191673767671868
-3.0793897240338577
-4.107457153999964
0.47738060430103624
-0.16915401068004182
-2.168712549615746
-0.4525961385348989
-0.09016563427756287
0.4709573763516432
-4.6686114744608735
-3.872867197108453
-6.410607823265317
-0.2979252569331633
1.5460710876426003
0.5190488854948148
-1.0568987151194522
0.4333791038505226
2.117269589429748
1.0524763035823883
-1.6196478793677267
-1.9116659693473939
-2.265427730734851
4.545469948545459
7.215065189966993
1.95972409637448
3.1991292736568386
-1.7245955925939715
-3.7233145131817165
0.823305186278751
-1.7863451270647153
1.8225035126760514
-2.0465444076767083
-7.407669205282136
-1.2333567134120171
-2.1867061141558333
-1.0285621222326633
-3.088194226856766
-0.3563236673095289
0.779476983271915
-1.0049668996822385
-2.292439205859659
0.1955898886709057
0.19204398724112126
-0.8342135489367618
7.09051975921666
-1.4169556363127154
-0.45139655831581504
3.8501628525302
6.949359066100203
2.0369297482118878
3.370910443998987
-1.156019281884096
-3.6361964084471317
1.2615615549584849
-1.7872324975626412
1.5861249381188394
-2.550696076659347
-7.983761783406395
-0.47247765774578143
-2.920985659033623
-1.9730869754514289
-2.5179014345511237
1.0702609411040458
0.4386267881052742
-1.576139463912599
-2.6003982460741306
0.07149471013259764
0.8916787796936558
-0.9473656678450308
7.0409589397336845
-1.087671190626354
-1.6169119750531828
3.3791875496759762
7.750953697461578
1.62130097453288
1.9266074194872005
-1.1811678720929273
-3.677134361252972
1.3132352515871284
-0.9409537725239006
1.1374038573017267
-3.6756088301997036
-6.908779458079771
-0.16605854886004684
-3.3057309922417137
-1.426840242612599
-3.548037786245973
-0.03564293998964401
1.0182069689312805
-1.8490295362682563
-2.50271077310528
0.19947046690439102
0.9899871694429585
-1.2587966774291866
7.395983003982198
-1.5522331971186092
-1.7123622811931232
4.853136192736905
8.937404478972573
1.3813155375571065
2.6157055011443826
-0.6730701042068264
-3.984151945303153
0.4810040579387905
-0.8118075292070677
1.792818321398719
-1.4620701842395523
-6.03886272673141
-0.5558199025939369
-2.855720579544717
-1.8558049970754524
-3.33297347894444
-0.17198169658853693
0.29943075997464025
-1.0387312059952367
-2.2167966363680742
0.15461948847746537
-0.22154931239850684
-0.6130652889066704
6.259595810752349
-2.2097907327096764
-2.395894333527526
4.692004126085367
7.7146174170812305
3.4854197237325484
3.0508927870242277
-1.2261610605433908
-5.492113076858641
0.6280058648532281
-1.8411590428767315
2.3513978027974605
-3.2187457448163586
-4.3791450357484685
-0.738219020267
-2.5970964039107787
-1.4310302729059463
-3.9049712502855143
1.7095835098871828
0.9202770533152721
-2.956415151729165
-2.4995879149574
1.1539788710986723
1.1129878696158404
-0.8709161534141174
4.603216350098057
-2.4423511974354266
-3.1893576165750033
5.343338069574538
9.74733785190138
-0.31001265236146136
3.5966227212419266
-0.6399921785390781
-5.523012747064687
2.196487596590962
-0.44304674984000303
3.2181073281689843
-1.8175600475296518
-4.252291264202208
0.852732405093261
-3.3418024463852007
-1.188695092067038
-3.945129313053027
-0.951659991831706
2.6349964928123724
-0.42696182818572576
-0.3944762168257963
-0.49509523263720306
-0.08150219988755261
0.2600110545494316
2.5507416559397
-3.131216378341256
-2.7988762610815785
7.64643526302351
7.884052285835054
-0.2893755955606393
4.586849121087178
3.6300725737416166
-5.33376966770172
2.3640988071385323
-2.0566261065430513
0.9240183257936627
-1.3175559775453836
-1.7762242428917483
-0.17330944296154993
-5.532364727353935
-1.801038827422668
-3.517314549747167
-0.5488569187590584
-0.05059995168693111
0.31987154412074226
-4.133105121772553
0.8802623505001688
-0.14757004218935169
0.20506815891834917
2.4351980479238535
-1.5490249653191253
-1.4306375886102087
5.013184059629744
6.864372045315899
1.1902006310202642
3.8916465599726666
-2.4745063699704644
-2.9299667779156136
0.5750638628179308
-1.1308521547833452
1.4676688932350765
-2.169254673464936
-6.268223684169176
-0.7593703367488034
-3.391706845881216
-2.4640282164633063
-2.3016287858463467
-1.017705232670057
0.5896042984139052
-0.7075876582654033
-1.3052674858974638
0.6368723562863812
-1.0381550919209135
-1.0649662807074092
7.560797183001756
-1.4719154101455045
-2.575139577861691
5.596822715250497
8.183793437743036
0.6648918382255401
4.2103767812023225
-1.3331510200220589
-3.9930341866519226
1.3316454272685996
-2.5800156661355795
1.3887742023345178
-2.9970158460548264
-5.00787856559103
-0.9118627923060543
-3.9615296171862324
-3.485433843101997
-3.714414263703297
-0.13794460057633792
0.6299538694160552
-2.574599801071855
-3.3563531301509384
-0.546845404420363
1.133515196086617
-3.270582258528691
3.4852013362166714
