1.2491952180862427
0.01668711006641388
-1.2057325839996338
-1.3690787553787231
-0.1526465266942978
2.6978631019592285
4.247642517089844
8.37054443359375
3.299575090408325
2.191190481185913
0.47384142875671387
-1.5917134284973145
-1.2030606269836426
1.0005663633346558
-0.8060638040680435
0.08885549048203975
-1.5899899005889893
-0.21602272987365723
3.701582908630371
10.060598373413086
-0.744223952293396
-1.2152667045593262
4.008098602294922
1.1224428415298462
-6.159314155578613
-4.810678005218506
1.4117017984390259
1.2025309801101685
-0.07953993231058121
-0.3427084982395172
-0.9575628772615734
-0.9636621195985934
0.33134448528289795
-0.2704717218875885
1.2333930730819702
7.215273380279541
-1.3711873292922974
-0.12347829341888428
5.356820106506348
-1.7345421314239502
-5.143082618713379
-7.886053085327148
-1.4105374813079834
-0.7058017253875732
-0.009567921981215477
-0.5663594603538513
-0.629071118921557
0.3674460024530672
0.7389325499534607
-0.38027966022491455
0.04862337186932564
-0.585879385471344
10.775314331054688
6.755244731903076
6.701314449310303
2.4875073432922363
4.240462779998779
3.726304769515991
1.9989018440246582
2.7637181282043457
-0.5250740051269531
1.8689970970153809
0.46189666522846773
1.2123478250938198
0.9968751072883606
-0.42971616983413696
1.3580652475357056
0.29878711700439453
0.7903313636779785
0.35345005989074707
8.41181468963623
4.6443305015563965
-1.3991446495056152
-6.381985664367676
6.64599609375
-1.9450736045837402
-3.802703857421875
2.522077798843384
-0.23279974854891528
0.7249349820295629
-2.262805938720703
1.0921971797943115
-0.3724461793899536
-2.1190268993377686
-1.5166842937469482
-2.086899995803833
-5.5975518226623535
4.963956832885742
5.0852437019348145
1.6198208332061768
5.678106784820557
-0.17800423502922058
1.874295711517334
-0.6668515205383301
-0.3852459445246472
-0.26599495547932167
1.4957070350646973
-0.3699691593647003
0.7958292365074158
-2.2142174243927
3.3753128051757812
3.3815364837646484
-2.0470962524414062
7.431121349334717
-0.7514415979385376
5.1070027351379395
-1.5716825723648071
0.4530286490917206
-0.3230664134025574
-0.6673242449760437
0.13248187543594003
0.17497041997620888
0.35514163970947266
0.4844707250595093
-0.04908469319343567
-1.6460314989089966
6.926467418670654
0.23481641709804535
7.222951412200928
-3.9735589027404785
0.29746580123901367
-3.4848456382751465
3.380554437637329
-2.956047534942627
1.5221879482269287
-1.7637066841125488
0.37974224495642916
-0.16616117721078727
-0.9265666007995605
-1.2661844491958618
1.3878284692764282
-1.7517273426055908
3.189354658126831
5.838302135467529
-3.4249327182769775
-4.124327182769775
5.3796796798706055
-0.2496165931224823
-6.294029712677002
2.4074513912200928
-1.4611414670944214
2.839937448501587
-0.7708621294554241
-0.14563451294392674
1.0508639812469482
1.2631340026855469
0.5696157217025757
0.5426680445671082
0.06576485931873322
-3.079164981842041
2.125795364379883
6.520997524261475
0.6009534597396851
-8.440919876098633
-0.6945742964744568
-1.003030776977539
-0.28696227073669434
1.204404592514038
0.42408989568615607
0.4524540904275131
1.6483408212661743
0.19297416508197784
-1.8435782194137573
0.33978453278541565
-0.5557986497879028
-3.458965301513672
-3.7563323974609375
-5.8247222900390625
-3.6127843856811523
4.163679599761963
1.0457743406295776
-2.173107624053955
-1.0730490684509277
0.32481908798217773
0.7480222079853129
0.43568898056819866
-1.532172679901123
0.5995380282402039
-2.0371077060699463
2.3504698276519775
2.632572889328003
2.4637207984924316
7.055330276489258
-0.8930200934410095
-9.323515892028809
1.8060712814331055
-4.091115951538086
-0.23534955084323883
0.8634606003761292
0.7717170119285583
0.30851503721190054
-0.07890955436614724
1.2849125862121582
0.21036817133426666
-0.10743184387683868
0.4095427393913269
0.09251758456230164
0.7521047592163086
0.46352148056030273
1.041107416152954
-1.4133192300796509
3.744553327560425
-1.9239498376846313
3.4660239219665527
-0.9076918959617615
0.9447470307350159
-0.11845265461776977
-6.296419010061949
-2.1398468017578125
-1.1596698760986328
-1.5175269842147827
-2.8527743816375732
1.1513748168945312
0.35079193115234375
1.2109158039093018
-5.897331714630127
-10.045503616333008
-1.583892583847046
-6.295956611633301
1.6641366481781006
-2.962280511856079
1.2564460039138794
0.7371814815298041
-0.3671518490203227
0.5216419696807861
-1.1507424116134644
-2.5103278160095215
-1.54703688621521
4.885134696960449
0.530027449131012
5.275519847869873
-2.597653865814209
-5.972757816314697
11.447288513183594
-1.5250669717788696
-0.8564467430114746
2.0130553245544434
-1.4929248094558716
0.9426630019356239
0.06023949557072161
-0.9046452045440674
0.9333510994911194
-0.24617356061935425
0.8127858638763428
-1.818342924118042
-5.026566028594971
1.8371964693069458
-0.8110918998718262
-1.985776424407959
7.632447719573975
4.205754280090332
-1.8111038208007812
0.24325720965862274
0.40373775362968445
0.774676965226683
-0.37817312863951213
-0.5679594874382019
0.1629679948091507
-0.1421147882938385
0.19693276286125183
4.008800029754639
-3.2512428760528564
7.896132469177246
-4.719141960144043
-15.151748657226562
-3.5203518867492676
0.45163261890411377
-2.5005712509155273
-0.7271368503570557
1.7003048658370972
0.31865732862600993
-0.011185173586933321
-1.9313520193099976
2.5778918266296387
-0.5242352485656738
0.714002251625061
-2.9673585891723633
-10.683003425598145
10.304781913757324
6.632985591888428
-2.849764108657837
-2.5226900577545166
-1.7624614238739014
1.6373237371444702
-1.6941930055618286
2.2180914878845215
-0.32950021384856965
-0.5600594874194127
0.40847599506378174
0.44791436195373535
2.3110103607177734
2.7823562622070312
2.2179207801818848
-5.723809242248535
-1.3428691625595093
-2.6307997703552246
9.367161750793457
-5.2779130935668945
5.3929243087768555
-0.9868559837341309
-1.771585464477539
-0.7126381993293762
-0.4759255377302849
0.403721147188687
-0.7995621562004089
-0.27148982882499695
0.499142050743103
-2.4080400466918945
2.2520174980163574
1.8701997995376587
-0.1482047140598297
-5.986426830291748
-6.57206392288208
6.351743698120117
-3.015143871307373
0.9333666563034058
-2.0252392292022705
0.2867928743362427
0.642963587376574
-0.057135218259039056
2.0080974102020264
0.9858911633491516
0.05712238326668739
0.8313400149345398
-2.9604732990264893
0.3626171350479126
-5.287455081939697
-4.657736778259277
5.295502185821533
7.741674423217773
2.351386070251465
2.211388349533081
-0.5342727899551392
-0.06887883692979813
0.4670373363285516
0.05516742394498767
-0.6767386794090271
-0.6473538279533386
0.5713590383529663
1.166327714920044
1.3871338367462158
3.763993740081787
-3.880788564682007
-4.889512062072754
-6.082261085510254
7.453648090362549
0.6327893137931824
-1.545817494392395
-2.727276563644409
1.62187659740448
0.6345558019223574
-0.6061297089313064
-1.5685133934020996
0.9557700157165527
0.529137134552002
-2.450754404067993
-0.2523413896560669
-2.4629416465759277
-2.669311285018921
-6.815011978149414
0.3211747109889984
-6.592545986175537
-0.6356344223022461
-0.9103908538818359
1.0798217058181763
-1.9178252220153809
0.4442548296742861
-0.1309424652646103
-0.38623422384262085
-1.0789203643798828
-1.416288137435913
2.408634901046753
-2.865812301635742
0.7002618908882141
3.044872283935547
2.724149703979492
-1.4406018257141113
-2.2257518768310547
0.6004136204719543
4.9457783699035645
2.9588534832000732
0.1081804409623146
0.9054426498062305
-0.2261831403907814
-0.703150859082223
0.6212183383457955
-0.7633621398492226
-0.8798296229577738
-0.5130356288162238
0.019116316340460543
0.591798037822574
-0.1196494566942281
0.6234454677808001
0.5737494947450476
-0.705210613185173
-0.33677788042914414
-3.9676260287717002
0.398779235817862
-0.8034448214328535
0.315567666331077
0.08800653136112108
1.715447033619528
0.5142151355366178
-0.1494216920219038
0.9203145995239331
0.9489367498092209
-0.4370329396282584
-0.11076020249929278
4.710974563504434
-1.0872109915470018
-0.45265145603917517
0.5774151816115842
1.748146525914976
-0.2635083805490801
0.35256942067188646
-0.05640064931926976
-1.149916888160707
0.7310247929912919
0.5944736141969494
-0.32372143289944044
-0.17388629613393206
-2.8001083268467153
0.9375017946372683
-1.7441341368653178
-0.06836159581760719
-0.6571310098872436
1.1295494370744688
0.4108468559889888
-0.7288529734467185
0.6706564529789816
-0.13795882505890045
-0.04903918679056649
-0.006558208265226642
4.032751941507652
-0.25000433390448434
-1.175594434200985
2.3820228312550875
2.8865649158578606
-0.15429146452410364
0.5014687437431135
-1.5523221974985257
-0.847563014974092
-0.07422468378823666
0.14037966289227893
0.8271998398991957
0.7438350360664931
0.14760407382616042
-0.8866842613204606
-1.511487895003139
-0.3999774069560027
0.8163375950942257
2.4031623038011296
0.25080331704982695
-1.395479703325624
1.8458226944304927
0.3615859780422961
0.8655033525778654
-0.4591551852981286
-2.0559564656640967
0.10928506508294618
-2.073961980113263
2.341620968509506
2.326843265206083
1.0759233647138169
-1.442160409313203
1.3130287819459934
-1.2162651112778349
0.17018527806554798
1.9578356843126896
2.440223119079668
-1.8336495499656056
-0.4119425029473168
-1.2641955707618142
-0.4007660285667147
-0.9275280007006339
-0.8200287239444435
0.15665940160917843
0.6033197243067284
-1.2681911786761864
2.2141016370324444
-0.7583205515230471
-1.2784401437985788
-0.5449750185307572
1.5498709878321253
-0.4142178325074485
-2.5609826323592455
0.8794529576844796
2.8511013503487623
1.7195321645390957
-1.2709954311242313
1.5936059698178555
-1.0050222193311769
-0.6760091542364327
1.5556125057582628
1.9396537914111165
-1.0463820193579294
-0.6875760293020788
-1.3728132696559399
-1.14784910241332
-1.3864245676444609
-1.7002372461900752
-0.6255070546096255
1.5072887186784656
-0.7186017407213836
2.07856655375498
-1.396131368910065
-0.4792747929234495
0.23715670607437953
1.591390908379639
-0.8845728821548244
0.31828377249095574
0.7735005990978404
1.85641444005506
0.023282002979032393
1.1029447695671626
0.2995470799670802
-0.9795248479146592
1.671420903048843
0.754760034098714
0.4881643092495402
0.8715051330282539
-3.156783664401567
0.516501682559855
-1.9012628673713932
-0.5508543537505022
-0.8987903812723523
1.8853676192523332
-0.13779160331002302
-0.9824177060223798
0.5633203809051468
0.50496230132318
-0.056979585022299196
-1.0461051890550337
3.0285558636975614
-0.7387311921431441
-2.842565243228267
0.3222966228806051
3.667911141308219
-0.17918532770763523
-0.9970357255305272
0.1511203376884506
1.5130548602959653
-2.5235485116143916
-1.3072792987806978
0.4475570365579652
-0.0687712857548333
1.6312010541463435
-0.4403909748464761
-0.7110360085091817
0.1769365381850676
-0.9618983299809111
-0.09794810079341118
0.11128241326765652
-2.5381230846694773
4.54130344171441
-1.7056942519135299
-0.18540734827675132
3.381415863507059
-2.7129667178273915
-0.17412607962281407
-0.49772727392893695
0.3797454420621249
1.6467456080636822
0.9750122735148051
0.3564028813074712
0.81739797590678
-2.37407721855237
0.0271669374065311
0.09795810671488667
0.5586422041881857
-0.3227523182592146
0.7495794462144321
1.5565911439564188
0.6216474570918001
-0.36110937297339163
-1.1213305013460908
-0.8693084366395808
0.5884449127485765
-2.2214236502829703
0.5831568645827562
0.178779844053704
-1.0681834267653783
-0.07656388233515815
-0.7688619714474351
-0.8743026074869078
0.09124541924858101
0.5509358572809397
1.255531717887474
0.17005699407400754
0.31127818760493736
1.3264605204303912
-1.5616414765639544
-1.1157379835116625
-0.20783981089784015
-0.4713378209137461
0.9911517318280957
-2.4681056268264303
1.0121753985109903
-1.4890603000334348
0.36264814515834715
-1.8628341840899563
0.4781984394534931
0.2734106034219986
-0.2182906953622434
0.2566231403804503
0.4018235665308882
1.4613705837790336
-0.791374512639445
2.4490313332503466
-0.9555873451417926
0.21693290890330766
1.3466348735171723
1.620423696835726
0.5753551405506102
0.4978943387545625
0.72518104521247
-1.2655949630140637
1.0699284258048938
0.25834901731521004
0.8405885681018935
0.09106445790523747
-3.6928967398602133
1.1449976213879887
-1.7432673821036413
-0.40608501831121296
-0.7298050980702078
1.1937888711584235
0.9812934308030488
-0.45258861877424494
0.9905035654417803
-0.18228527912911718
-0.05384249101783975
-0.2397370099661508
2.19816922721206
-0.003348750784234897
-0.9542139388998463
-0.2724496551540674
3.6353448219281734
2.5974595323053626
0.613157024714896
-0.3457279779760237
-1.3772653541103743
-0.10754284244265051
0.9395786647616212
0.6668371768043799
0.8091553171099588
0.9073528849520398
-0.38650383151025636
-1.1309734393040727
-1.5060315681476402
-0.42136693677751275
-0.884885801103246
-0.4627731066794806
-1.345992834609794
1.3586467148821868
-0.5591140994238905
2.51102059834245
0.8563659075772011
-0.4901438700548353
-2.2900709579786294
-0.14185268724944966
-0.4394445826570657
0.29437816833172276
1.556516255702429
0.03786580380783158
0.8636253837462018
1.3725707448021067
-0.11737345985604403
1.5704961357798268
1.186409593835001
0.7736556560604485
-0.6037819036878691
-0.28341311291818433
-0.9989136818830329
0.7253489159239062
-0.042718750592530524
1.8427172627117474
0.37106762570690505
1.276221876021989
0.1608966204306284
-0.05035564238473664
0.9251457839379505
0.09180664232449293
-1.615573432676494
-0.6965694707418902
-0.194925446915308
0.40251096831982974
1.4534981419720716
1.2005846685310118
0.2899700566363929
-0.020420067754889568
-2.204496104688727
0.9442166858851271
0.3975282873104243
1.0665033293900377
-0.23245623961101947
-2.621524522145811
1.0054869087068337
-1.7137537485275098
-0.03517961185616063
-0.5034262046597922
1.4933141405248926
0.6859636389653399
0.07493519340245704
0.6678479121815672
-0.3137120554517632
0.17790646475373043
-0.772455070124756
2.678958180759276
-1.9041133169455953
-1.5577331300355175
0.6357852004506545
2.085099642415689
0.4166990449413555
0.12388258886773285
-0.7394013263577195
-2.810618500437554
0.9014450184026618
1.8916117455266084
0.45705763540092254
1.4923327487649856
-0.5813554877127055
1.4093564558679383
-1.6671337936602908
-0.05612947129026605
-1.3485361357296297
-0.43509723877748285
2.178635619227884
0.2136484421348304
0.6272853918077578
-0.9926271537761999
0.010714706283071605
-0.46195663016834115
0.2861143177556445
-0.5122698656767982
-0.29506252786975573
0.332382209602056
0.629985706207269
0.06460483939298732
0.6474179849093105
0.9514071391593009
-1.40339128198328
0.7967674949417861
0.9550613229955873
-0.1176248571287622
0.3438403923843838
-2.701747898418009
0.6192565958859003
-1.6510634676579061
-0.4425908807768762
-0.2238807862740738
0.26429864173253714
1.5945029644178548
0.30914980828469335
0.8459310399006771
-0.5116489056945022
-0.11370753978492329
0.6170652913406737
3.7112600076178097
-1.0175213966781085
-1.2685175245637288
1.4870942387728485
2.355662933184363
0.537437488170409
0.6425495108605949
1.8958402564988377
-1.885078706748779
0.17234052731199156
0.7537158730376037
0.895520870911851
-1.0767498766913106
-1.6244233915270607
0.9854941876918392
-1.0097030121882682
-0.2753333188782734
-1.2234022881009743
1.0751081010437422
0.7862465219097385
0.09169002005649987
0.48393346924333425
-0.93973610638406
-0.8161259026745903
-0.0900827495843049
2.1059692892008823
0.2925054828311282
-1.911314877459936
2.632426423021909
1.8260778410253675
2.1252125318740327
0.12159640496778477
2.070212508282493
-0.903841900710835
-2.0694129610393257
-0.8861777804177795
1.5639378701002178
-1.1849681476096394
1.7660746304205799
0.7636136095013552
-1.0965829888306473
-0.7870377090229231
0.9294780594813035
0.7590628784034612
-0.717334938181995
-1.0666496113603852
1.4411992888681158
1.0879887828971015
0.27804708110490955
0.05755925458442178
-2.838904947179613
0.3629348712326561
1.3568346084160412
-0.9375129350565022
1.481162283487218
-0.9183320723075339
1.6557011955622134
-2.3573638745262993
1.7053401259960472
0.8033408001318805
1.372346728816115
1.133838707734253
-0.15924576026801604
6.875687176054302
-0.014777815181825507
-2.8432992956707506
1.0934011847868055
3.046678522673146
-0.32223123642778145
-2.5065693182742814
-1.0225942854439058
1.0268927147515616
2.0249573229884743
-0.01843586513403113
0.015089165067800305
-8.582725103142078
-0.44131020839749674
-0.7360908132081658
1.175363231253547
2.9179577670815853
0.578725354968889
0.9288896644252771
-0.17565012984492312
-1.668855133677597
0.7965975191140058
0.7427749444914935
0.6409028065529017
0.3959201021531126
-2.2700675957951333
0.15267203083490313
-1.5151001912330302
-0.7584456651061426
-1.349522445827557
1.369815051216441
1.3943778714953752
-0.27136088252871504
0.6249958076866194
-0.025169180462397134
0.07986296192680035
0.05744714703875969
1.9530184861567228
-0.7809026414146315
-0.5957192947893318
0.764924964076423
0.8310719928137396
1.3321211306458751
0.09839065758635573
0.059530748467017766
-1.4716383798437511
-0.5753792045488947
0.5987439231901353
-0.10621328615676535
0.4201027507578465
-2.9512081688780736
0.7105657722857652
-0.8079082360997328
0.33193083795751493
-0.8098561132729207
1.0355494927713926
0.35343800616668275
0.43624849636577706
1.2134743657533353
0.29696273225958486
0.43100734428847504
0.11260695404911714
2.0084718174749177
-0.6993679788293418
0.10332129235269708
0.6400785297788937
1.6370339759053072
1.8111836034757947
0.8553450196053128
-0.034134587872248004
-1.5951305288218418
1.689757436695989
0.8309946142968585
0.6253820899649094
-0.6454177969003002
-1.8360130679404751
0.6742478222504912
-1.5110708561513733
0.41797873036008654
0.18563078970252678
0.6993219930221222
-0.520841759842454
-0.5003558304769719
1.418052075463595
-0.7557396632863973
-0.35925680839205354
-0.11417007355997459
2.3233006317867666
-2.3784092153326357
-2.9017894060225706
3.1731491092024604
3.554412793844312
0.4823448924331663
-0.10502479480967924
0.9630304521988583
-1.247208659759296
1.0232738979277496
0.45935980989068603
0.1537539357798434
-0.4611861992120188
-0.30079646421391426
0.279932907615209
-1.9545546201950545
1.3747030675289593
-0.11659160785419925
0.8393355084935432
0.6098872436979672
0.05277350553133278
2.637198740640599
-1.9014578379467866
-1.1270970839279
0.16141529998141166
0.4566622691142827
-2.578387416007361
-2.0707148502012105
2.1850197296273035
3.4997556738021123
0.10964230112772433
0.6321897521878752
0.201807503124699
-1.9693970009995254
2.467798581415999
1.5314179992462447
0.43252310821919504
0.9276983614153869
-0.21852507281438738
0.37338684740805056
-1.3774651106260718
0.5844660595018095
-2.614720839405032
-0.004142120929129842
1.3818487996512323
0.6876243595111787
1.0796903183425801
-1.2825351127611029
0.7065999605247597
1.0183196353914936
0.44264559980676554
-0.17821305369379162
-1.6620065172836498
-0.5023670141610018
1.3713125815386293
-2.5985444328962557
-2.9203391501517775
-2.5932896934730203
-0.4669084588445245
-1.7356347221324924
0.28021529651905885
-2.068693220764928
-0.5628373314856693
1.831454218194709
0.7677619353857673
-2.449506035234992
-0.5155481279630526
-2.309371585327948
-0.6485775896777407
1.2812179400730417
-1.5378490241784746
-0.0777279522940409
-0.5619575614367718
0.2902883849042277
1.2540741489521052
-3.535741205112246
-0.5803426852200412
-0.9684857266210777
0.7456915541077341
3.2040622610085054
-0.15381703908983949
0.9678351733678119
-2.505302715397697
-1.7270112771760446
1.645361281524496
-0.7841829693781046
1.5088988242550037
-0.6294485261343337
3.3713437270526327
-0.6132770909875025
-0.9290464165687042
-1.1135046468510248
-1.4567135642203375
1.5319548341950326
1.164471525769501
-0.4788878497956806
1.563712871413185
0.18668569407665425
-0.9191512103279913
0.36510409181847436
-2.712365274377916
-0.99501285830141
-1.2341809114902578
-0.6913223938442542
2.2404483354853166
-0.13772452383998837
0.19202146712634016
0.18902219803384834
-2.015079509455713
0.16921960655701548
0.290785550912967
0.19973915134480158
-0.23870621893917357
-1.6817372004971411
0.6157902207317021
-2.9024777326037996
-0.6206085904520342
0.0434849085933155
1.2514882847582693
0.7549484499799609
-0.9172665371151993
-0.0502018967746128
-0.2275737551350876
0.0671847202896648
0.2521606173991975
2.9744697530797026
-2.2947507698071696
-1.753638845532416
1.8984365182650134
3.1445638729367866
-0.250843268816901
0.75050128403818
0.28700000539835496
-2.564383769317484
1.1862105442384347
1.0256216388191048
1.2008517165190047
0.819305505209765
-0.5802560430747469
1.7574257760086054
-2.855614747548174
1.0517499612295587
-0.9237526877626084
-0.6083238689926701
0.44849314263987006
-0.06584468413263253
0.39846788423075924
-0.8365157614807649
-0.616621334047853
-0.1266283237939499
-0.9423325917497607
